weinsorte,1999,2000,2001,2002,2003,2004,2005,2006,2007,2008,2009,2010,2011,2012,2013,2014,2015,2016,2017,2018,2019,2020
Cabernet-Sauvignon,3448,3803,3836,4205,4759,5217,0,0,0,0,0,0,0,0,0,0,0,0,0,0,0,0
Gamay,197699,192765,189705,185391,176359,170969,165498,162026,158420,155065,151443,151377,148762,147120,143068,138179,134076,130710,127702,122447,120353,114528
Interspezifische_rote_sorten,5633,5682,10054,9692,10491,11609,0,0,0,0,0,0,0,0,0,0,0,0,0,0,0,0
Merlot,84836,85951,87560,88458,92392,95077,94728,96174,98331,99430,100351,103829,105792,104416,108632,108469,112437,113954,115381,117717,118134,122048
Pinot noir,460120,459859,460889,458192,454388,452982,450671,448976,444883,443012,440187,438680,435259,433227,430110,426066,420748,413968,407066,398616,394875,387536
Chardonnay,22627,24289,25341,26574,28646,29655,30242,30703,31368,31575,32038,33166,33674,34073,34632,35127,35880,36913,37975,38589,39406,40253
Gewürztraminer,3080,3277,3316,3530,3980,4322,0,0,0,0,0,0,0,0,0,0,0,0,0,0,0,0
Gutudel/Chasselas,537292,529484,524913,513150,479978,459580,440461,426500,415164,407297,401335,404348,400847,399410,395429,388536,383823,378930,373356,367210,365641,360574
Müller-Thurgau,68602,67090,65203,61093,56537,54512,52712,51192,50178,48716,49254,48734,48449,48176,47817,47298,46412,46618,46305,45634,45298,44535
Pinot gris,22615,24836,25710,26594,28212,29192,19664,20302,20825,21433,21619,22289,22397,22591,22596,22751,22969,22958,23164,23280,23536,23640
Räuschling,2327,2347,2325,2248,2233,2196,0,0,0,0,0,0,0,0,0,0,0,0,0,0,0,0
Sylvaner,20840,20942,20890,21012,21449,21584,22004,22796,23472,24630,24105,24365,24475,24416,24559,24621,25023,25395,26240,28513,28562,30348
Gamaret,0,0,0,0,0,0,30338,33289,35123,36697,37947,39009,39910,40320,41330,42327,42519,42783,42961,43408,43583,43726
Garanoir,0,0,0,0,0,0,16469,17604,18881,19826,20271,20668,21102,21438,21854,22292,22480,22636,22895,22783,22801,23026
Syrah,0,0,0,0,0,0,16365,17296,17735,17917,18097,18384,18488,18516,18788,18651,19356,19742,19912,20283,20207,20668
Arvine,0,0,0,0,0,0,12960,13791,14535,15028,15365,15625,15773,15783,16613,16552,17773,18644,19734,21818,21876,23498
